t	V
0.000000000000000e+000	0.000000e+000
1.000000000000000e-012	-1.801840e-017
3.005839947428012e-010	-1.579767e-009
6.001679894856025e-010	-5.752396e-009
8.997519842284037e-010	-1.251789e-008
1.199335978971205e-009	-2.187624e-008
1.498919973714006e-009	-3.382745e-008
1.798503968456808e-009	-4.837153e-008
2.098087963199608e-009	-6.550847e-008
4.195239926398093e-009	-2.458975e-007
8.389543852795062e-009	-8.374246e-007
1.425479691109989e-008	-2.005220e-006
2.049996272142866e-008	-3.530608e-006
2.720968859207672e-008	-5.268000e-006
3.496290441404577e-008	-7.077575e-006
4.669914878544866e-008	-9.016352e-006
6.337757219357778e-008	-1.009452e-005
9.038677896251018e-008	-9.679029e-006
2.265272743910765e-007	-8.374318e-006
4.080479349624983e-007	-8.127288e-006
6.751170639014394e-007	-6.239662e-006
9.934214906772375e-007	-3.594582e-006
1.303635239756295e-006	-1.775428e-006
1.583236399204477e-006	-9.428115e-007
1.916831484750112e-006	-4.264069e-007
2.318667394120667e-006	-1.497095e-007
3.487720633532169e-006	3.404720e-008
1.822119965538299e-004	1.817516e-004
3.609362724741276e-004	6.517171e-004
5.396605483944253e-004	1.409930e-003
7.183848243147231e-004	2.456392e-003
8.971091002350209e-004	3.791101e-003
1.075833376155319e-003	5.414058e-003
1.254557652075616e-003	7.325263e-003
1.342448277075616e-003	8.358805e-003
1.518229527075616e-003	1.061921e-002
1.694010777075616e-003	1.313305e-002
1.869792027075616e-003	1.589517e-002
2.045573277075616e-003	1.890050e-002
2.309245152075616e-003	2.385356e-002
2.572917027075615e-003	2.932589e-002
2.836588902075615e-003	3.530112e-002
3.213263009218472e-003	4.478701e-002
3.589937116361328e-003	5.511036e-002
3.966611223504185e-003	6.627117e-002
4.343285330647042e-003	7.826943e-002
4.719959437789898e-003	9.110516e-002
5.096633544932755e-003	1.047783e-001
5.473307652075611e-003	1.192890e-001
6.050874616361324e-003	1.430521e-001
6.628441580647038e-003	1.679317e-001
7.206008544932752e-003	1.939276e-001
7.783575509218465e-003	2.210400e-001
8.361142473504179e-003	2.492687e-001
8.938709437789891e-003	2.786138e-001
9.516276402075604e-003	3.090754e-001
9.905506312789889e-003	3.298295e-001
1.029473622350417e-002	3.507365e-001
1.068396613421846e-002	3.717964e-001
1.107319604493275e-002	3.930090e-001
1.146242595564703e-002	4.143745e-001
1.185165586636132e-002	4.358927e-001
1.224088577707560e-002	4.575638e-001
1.241666702707560e-002	4.673195e-001
1.250455765207560e-002	4.721983e-001
1.259244827707560e-002	4.770773e-001
1.276822952707560e-002	4.868342e-001
1.303190140207560e-002	5.014614e-001
1.338346390207560e-002	5.209857e-001
1.373502640207560e-002	5.404008e-001
1.408658890207560e-002	5.597065e-001
1.443815140207560e-002	5.789030e-001
1.478971390207560e-002	5.979902e-001
1.514127640207560e-002	6.169681e-001
1.549283890207560e-002	6.358367e-001
1.558072952707560e-002	6.405144e-001
1.566862015207560e-002	6.451808e-001
1.583184559850417e-002	6.538218e-001
1.599507104493274e-002	6.624134e-001
1.615829649136131e-002	6.709557e-001
1.632152193778988e-002	6.794487e-001
1.648474738421845e-002	6.878923e-001
1.664797283064702e-002	6.962866e-001
1.681119827707560e-002	7.046314e-001
1.689908890207559e-002	7.090977e-001
1.698697952707559e-002	7.135469e-001
1.716276077707559e-002	7.223924e-001
1.742643265207559e-002	7.355239e-001
1.794122059850416e-002	7.607723e-001
1.845600854493273e-002	7.851842e-001
1.897079649136131e-002	8.087599e-001
1.948558443778988e-002	8.314992e-001
2.000037238421845e-002	8.534021e-001
2.051516033064702e-002	8.744687e-001
2.102994827707559e-002	8.946990e-001
2.120572952707559e-002	9.013538e-001
2.138151077707559e-002	9.078959e-001
2.146940140207559e-002	9.111243e-001
2.164518265207559e-002	9.174957e-001
2.173307327707559e-002	9.206384e-001
2.190885452707559e-002	9.268374e-001
2.208463577707559e-002	9.329206e-001
2.226041702707559e-002	9.388876e-001
2.252408890207559e-002	9.476188e-001
2.302632104493273e-002	9.635114e-001
2.352855318778987e-002	9.784413e-001
2.403078533064701e-002	9.924087e-001
2.453301747350415e-002	1.005413e+000
2.503524961636130e-002	1.017456e+000
2.553748175921844e-002	1.028535e+000
2.603971390207558e-002	1.038652e+000
2.666750408064701e-002	1.049892e+000
2.729529425921844e-002	1.059818e+000
2.792308443778986e-002	1.068431e+000
2.855087461636129e-002	1.075731e+000
2.917866479493272e-002	1.081717e+000
2.980645497350415e-002	1.086390e+000
3.043424515207557e-002	1.089749e+000
3.077325184850415e-002	1.091134e+000
3.111225854493273e-002	1.092225e+000
3.145126524136131e-002	1.093022e+000
3.179027193778989e-002	1.093525e+000
3.212927863421847e-002	1.093735e+000
3.246828533064705e-002	1.093651e+000
3.280729202707563e-002	1.093274e+000
3.343508220564708e-002	1.091784e+000
3.406287238421853e-002	1.089642e+000
3.469066256278999e-002	1.086849e+000
3.531845274136144e-002	1.083404e+000
3.594624291993289e-002	1.079308e+000
3.657403309850434e-002	1.074560e+000
3.720182327707580e-002	1.069161e+000
3.774172283064724e-002	1.064225e+000
3.828162238421869e-002	1.059104e+000
3.882152193779014e-002	1.053797e+000
3.936142149136159e-002	1.048304e+000
3.990132104493304e-002	1.042625e+000
4.044122059850449e-002	1.036760e+000
4.098112015207594e-002	1.030709e+000
4.133268265207595e-002	1.026768e+000
4.168424515207597e-002	1.022824e+000
4.203580765207598e-002	1.018878e+000
4.238737015207599e-002	1.014931e+000
4.273893265207601e-002	1.010981e+000
4.309049515207602e-002	1.007029e+000
4.344205765207603e-002	1.003075e+000
4.370572952707604e-002	1.000138e+000
4.396940140207605e-002	9.972098e-001
4.423307327707606e-002	9.943057e-001
4.449674515207607e-002	9.914253e-001
4.476041702707608e-002	9.885687e-001
4.502408890207609e-002	9.857359e-001
4.528776077707610e-002	9.829269e-001
4.555143265207611e-002	9.801416e-001
4.572721390207612e-002	9.783058e-001
4.599088577707613e-002	9.755795e-001
4.654334113421901e-002	9.699518e-001
4.709579649136188e-002	9.645222e-001
4.764825184850476e-002	9.592908e-001
4.820070720564764e-002	9.542575e-001
4.875316256279052e-002	9.494223e-001
4.930561791993340e-002	9.447852e-001
4.985807327707627e-002	9.403462e-001
5.012174515207628e-002	9.383204e-001
5.029752640207629e-002	9.369991e-001
5.047330765207630e-002	9.357014e-001
5.073697952707631e-002	9.337994e-001
5.100065140207632e-002	9.319514e-001
5.171633220564777e-002	9.272171e-001
5.243201300921923e-002	9.228818e-001
5.314769381279069e-002	9.189455e-001
5.386337461636214e-002	9.154082e-001
5.457905541993360e-002	9.122699e-001
5.529473622350505e-002	9.095305e-001
5.601041702707651e-002	9.071902e-001
5.662565140207653e-002	9.054898e-001
5.724088577707655e-002	9.040296e-001
5.785612015207658e-002	9.028096e-001
5.847135452707660e-002	9.018299e-001
5.908658890207662e-002	9.010904e-001
5.970182327707665e-002	9.005912e-001
6.031705765207667e-002	9.003322e-001
6.104529425921956e-002	9.003035e-001
6.177353086636244e-002	9.004804e-001
6.250176747350532e-002	9.008628e-001
6.323000408064820e-002	9.014507e-001
6.395824068779109e-002	9.022442e-001
6.468647729493397e-002	9.032432e-001
6.541471390207686e-002	9.044478e-001
6.608017149136260e-002	9.056505e-001
6.674562908064834e-002	9.069129e-001
6.741108666993408e-002	9.082348e-001
6.807654425921982e-002	9.096164e-001
6.874200184850556e-002	9.110576e-001
6.940745943779129e-002	9.125584e-001
7.007291702707703e-002	9.141188e-001
7.067559559850563e-002	9.155322e-001
7.127827416993422e-002	9.169323e-001
7.188095274136282e-002	9.183190e-001
7.248363131279141e-002	9.196924e-001
7.308630988422001e-002	9.210523e-001
7.368898845564860e-002	9.223989e-001
7.429166702707719e-002	9.237322e-001
7.493201300922008e-002	9.251042e-001
7.557235899136296e-002	9.264220e-001
7.621270497350584e-002	9.276857e-001
7.685305095564872e-002	9.288953e-001
7.749339693779160e-002	9.300507e-001
7.813374291993448e-002	9.311520e-001
7.877408890207736e-002	9.321991e-001
7.956510452707739e-002	9.333936e-001
8.035612015207742e-002	9.344870e-001
8.114713577707745e-002	9.354795e-001
8.193815140207748e-002	9.363709e-001
8.272916702707751e-002	9.371614e-001
8.352018265207754e-002	9.378508e-001
8.431119827707757e-002	9.384392e-001
8.448697952707758e-002	9.385573e-001
8.466276077707759e-002	9.386709e-001
8.483854202707759e-002	9.387798e-001
8.501432327707760e-002	9.388842e-001
8.519010452707761e-002	9.389840e-001
8.536588577707761e-002	9.390793e-001
8.554166702707762e-002	9.391699e-001
8.562955765207762e-002	9.392136e-001
8.623223622350622e-002	9.394786e-001
8.683491479493481e-002	9.396992e-001
8.743759336636341e-002	9.398753e-001
8.804027193779200e-002	9.400070e-001
8.864295050922059e-002	9.400943e-001
8.924562908064919e-002	9.401371e-001
8.984830765207778e-002	9.401355e-001
8.993619827707779e-002	9.401331e-001
9.000000000000000e-002	9.401308e-001
